Insertion Sort
0.000020
0.000058
0.000123
0.000199
0.000335
0.000477
0.000792
0.000892
0.001064
0.001430
0.001394
0.001507
0.001749
0.002038
0.002392
0.002214
0.002456
0.002776
0.002965
0.003132
0.003210
0.003512
0.003437
0.003627
0.003843
0.003729
0.004081
0.004212
0.004632
0.005106
0.005325
0.005663
0.006030
0.006319
0.006785
0.007107
0.007531
0.008084
0.008432
0.008857
0.009483
0.009596
0.010185
0.010621
0.003834
0.000376
0.000389
0.000315
0.000407
0.000335
0.000345
0.000444
0.000367
0.000468
0.000473
0.000376
0.000382
0.000456
0.000518
0.000485
0.000551
0.000563
0.000489
0.000498
0.000510
0.000521
0.000534
0.000542
0.000638
0.000563
0.000557
0.000677
0.000677
0.000683
0.000694
0.000726
0.000638
0.000731
0.000744
0.000669
0.000762
0.000671
0.000702
0.000694
0.000802
0.000716
0.000843
0.000856
0.000882
0.000741
0.000885
0.000899
0.000890
0.000822
0.000837
0.000820
0.000780
0.000970
0.000880
0.000976
0.000907
0.000885
0.000919
0.000937
0.001022
0.001034
0.001046
0.000948
0.000982
0.001078
0.001114
0.001124
0.001024
0.001052
0.001023
0.001030
0.001069
0.001222
0.001091
0.001191
0.001109
0.001120
0.001137
0.001272
0.001263
0.001166
0.001146
0.001184
0.001319
0.001299
0.001222
0.001321
0.001212
0.001354
0.001272
0.001245
0.001278
0.001292
0.001453
0.001322
0.001421
0.001334
0.001357
0.001290
0.001315
0.001549
0.001524
0.001401
0.001413
0.001552
0.001431
0.001543
0.001418
0.001435
0.001505
0.001601
0.001500
0.001508
0.001648
0.001497
0.001499
0.001547
0.001522
0.001677
0.001712
0.001724
0.001603
0.001790
0.001733
0.001586
0.001607
0.001837
0.001671
0.001597
0.001654
0.001666
0.001819
0.001850
0.001904
0.001883
0.001765
0.001911
0.001730
0.001901
0.002002
0.001803
0.001779
0.001748
0.001859
0.001804
0.001980
0.002073
0.002050
0.002049
0.002071
0.002113
0.001879
0.002053
0.001911
0.001920
0.002110
0.001967
0.002000
0.001947
0.002180
0.001983
0.002014
0.002152
0.002001
0.002046
0.002194
0.002038
0.002065
0.002112
0.002233
0.002301
0.002166
0.002314
0.002293
0.002319
0.002315
0.002146
0.002188
0.002155
0.002225
0.002245
0.002370
0.002379
0.002310
0.002222
0.002278
0.002445
0.002262
0.002318
0.002571
0.002263
0.002356
0.002501
0.002491
0.002393
0.002407
0.002568
0.002423
0.002546
0.002577
0.002574
0.002466
0.002599
0.002407
0.002665
0.002511
0.002462
0.002648
0.002768
0.002684
0.002557
0.002689
0.002628
0.002496
0.002805
0.002736
0.002626
0.002848
0.002943
0.002782
0.002596
0.002677
0.002833
0.002881
0.002642
0.002721
0.002729
0.002777
0.002775
0.002877
0.002710
0.003050
0.002981
0.003052
0.003060
0.002854
0.002821
0.002986
0.002815
0.002864
0.002884
0.003084
0.002925
0.003048
0.003118
0.002926
0.003080
0.003126
0.003148
0.003002
0.003173
0.003268
0.003142
0.003021
0.002955
0.002983
0.003212
0.003057
0.003229
0.003217
0.003229
0.003038
0.003247
0.003013
0.003272
0.003296
0.003086
0.003100
0.003185
0.003185
0.003380
0.003091
0.003215
0.003234
0.003495
0.003144
0.003310
0.003423
0.003279
0.003209
0.003324
0.003324
0.003346
0.003396
0.003649
0.003248
0.003381
0.003384
0.003393
0.003554
0.003556
0.003733
0.003436
0.003694
0.003746
0.003726
0.003627
0.003641
0.003420
0.003417
0.003598
0.003535
0.003552
0.003471
0.003820
0.003771
0.003836
0.003733
0.003514
0.003907
0.003924
0.003791
0.003564
0.003581
0.003672
0.003786
0.003698
0.003708
0.003876
0.003886
0.003756
0.003744
0.003928
0.003991
0.003955
0.003849
0.004084
0.004011
0.003966
0.003988
0.004069
0.003766
0.003737
0.004150
0.004199
0.004168
0.003929
0.003779
0.004089
0.003979
0.003874
0.003831
0.004167
0.003996
0.004274
0.004333
0.004186
0.003950
0.004039
0.004085
0.003928
0.004152
0.004102
0.004332
0.004367
0.004125
0.004149
0.004153
0.004113
0.004509
0.004419
0.004417
0.004549
0.004350
0.004119
0.004489
0.004143
0.004639
0.004499
0.004455
0.004184
0.004212
0.004487
0.004214
0.004525
0.004615
0.004537
0.004284
0.004287
0.004664
0.004405
0.004401
0.004598
0.004607
0.004611
0.004714
0.004466
0.004361
0.004655
0.004466
0.004687
0.004722
0.004837
0.004641
0.004756
0.004840
0.004604
0.004521
0.004811
0.004524
0.004786
0.004928
0.004686
0.004564
0.004740
0.005218
0.005142
0.005007
0.005151
0.005202
0.005061
0.005041
0.005094
0.005031
0.004796
0.004598
0.004782
0.004855
0.005088
0.004847
0.004486
0.004778
0.005161
0.005041
0.005265
0.004855
0.004913
0.005085
0.005157
0.005079
0.004927
0.005039
0.005142
0.005381
0.004956
0.005163
0.005348
0.005074
0.005048
0.005019
0.005344
0.005208
0.005107
0.004666
0.005154
0.005581
0.004985
0.005189
0.005102
0.005032
0.005322
0.005535
0.005494
0.005626
0.005366
0.005193
0.005290
0.005515
0.005229
0.005116
0.005287
0.005454
0.005481
0.005223
0.005483
0.005161
0.005294
0.005526
0.005634
0.005688
0.005542
0.005451
0.005176
0.005422
0.005605
0.005497
0.005479
0.005362
0.005677
0.005495
0.006720
0.006110
0.006590
0.006191
0.010690
0.006723
0.008211
0.007980
0.006579
0.006440
0.006617
0.006731
0.006428
0.006374
0.006053
0.005847
0.005918
0.005863
0.005694
0.005985
0.005895
0.006340
0.005689
0.006006
0.006166
0.006217
0.006522
0.005811
0.006099
0.006179
0.005697
0.005412
0.005837
0.005864
0.005876
0.005629
0.006180
0.006048
0.006028
0.006096
0.005790
0.005899
0.006067
0.005753
0.006515
0.007164
0.005903
0.006487
0.006005
0.006029
0.006047
0.006297
0.006297
0.006448
0.006397
0.005875
0.006266
0.006121
0.006332
0.006491
0.006361
0.006372
0.006004
0.006178
0.006507
0.006502
0.006371
0.006405
0.006407
0.006428
0.006241
0.006699
0.006483
0.006439
0.006148
0.006034
0.006334
0.006184
0.006502
0.006545
0.006817
0.006350
0.006562
0.006767
0.006588
0.006250
0.006391
0.006505
0.006238
0.006632
0.006813
0.006521
0.006470
0.006687
0.006593
0.006491
0.006502
0.006762
0.006700
0.006321
0.006467
0.006864
0.006423
0.006134
0.006615
0.006814
0.006962
0.006511
0.006489
0.006630
0.006880
0.006790
0.006990
0.006814
0.006906
0.007031
0.006790
0.006982
0.007121
0.006779
0.006812
0.006618
0.007065
0.006667
0.007326
0.007162
0.006837
0.006670
0.007108
0.007203
0.006603
0.006867
0.007246
0.007276
0.007131
0.007309
0.007152
0.007318
0.006771
0.007192
0.006953
0.006879
0.006791
0.007201
0.007235
0.007073
0.006793
0.007420
0.007124
0.007779
0.007340
0.007331
0.007903
0.007636
0.007359
0.006975
0.006980
0.007770
0.008028
0.007362
0.006661
0.007258
0.006742
0.007522
0.007255
0.007063
0.007254
0.007296
0.007270
0.007263
0.007702
0.007626
0.007361
0.007905
0.007856
0.008175
0.008001
0.008079
0.007986
0.008049
0.007910
0.007979
0.008010
0.007846
0.007838
0.007786
0.007872
0.007584
0.007228
0.008010
0.007365
0.008330
0.007350
0.007792
0.007532
0.007414
0.007467
0.007611
0.007954
0.007631
0.007667
0.007416
0.007679
0.007885
0.007518
0.008128
0.008138
0.007507
0.007561
0.008215
0.007787
0.007768
0.007780
0.008030
0.007737
0.008316
0.008116
0.007831
0.008096
0.007893
0.008071
0.008496
0.008572
0.008194
0.009002
0.008306
0.008238
0.007824
0.007701
0.008224
0.008324
0.007869
0.008472
0.008296
0.008035
0.008623
0.008554
0.008383
0.008606
0.008532
0.007953
0.007958
0.008161
0.008147
0.008436
0.008210
0.007977
0.008739
0.008288
0.008261
0.007940
0.008003
0.008408
0.008256
0.007950
0.008564
0.008484
0.008118
0.008632
0.008290
0.008551
0.008161
0.008072
0.007735
0.008061
0.008818
0.008355
0.008428
0.008722
0.008860
0.008694
0.008514
0.008551
0.008295
0.008829
0.008498
0.009006
0.008392
0.008839
0.009051
0.008843
0.008524
0.008417
0.007878
0.008640
0.009164
0.008942
0.008605
0.008295
0.008650
0.008882
0.009200
0.008645
0.009172
0.009043
0.008975
0.008674
0.008968
0.008671
0.008517
0.009054
0.009070
0.008968
0.008696
0.009028
0.008596
0.008736
0.009000
0.008799
0.008796
0.008775
0.008775
0.008529
0.009333
0.009125
0.009338
0.008927
0.008701
0.008723
0.009170
0.009418
0.009134
0.008770
0.009009
0.009858
0.009294
0.009684
0.009295
0.009504
0.009130
0.009032
0.009217
0.008891
0.009193
0.008889
0.009613
0.009375
0.009565
0.009496
0.009132
0.009161
0.009249
0.009018
0.009234
0.009852
0.009419
0.009284
0.009756
0.009510
0.009286
0.009488
0.008951
0.009081
0.009820
0.009385
0.009925
0.009155
0.009857
0.010015
0.009447
0.009673
0.009693
0.009711
0.010219
0.009787
0.009808
0.009907
0.009961
0.009217
0.009546
0.009831
0.009786
0.009642
0.009611
0.009407
0.009600
0.009675
0.009896
0.009930
0.009652
0.009799
0.009874
0.009230
0.010077
0.010114
0.010116
0.009861
0.009976
0.010181
0.010166
0.009522
0.010004
0.010234
0.010042
0.010061
0.009506
0.010056
0.010267
0.009714
0.010418
0.010061
0.010014
0.009754
0.009850
0.009431
0.010036
0.010508
0.010100
0.009677
0.010438
0.010192
0.010146
0.010130
0.009937
0.010139
0.010195
0.009710
0.009913
0.010202
0.010552
0.010489
0.010411
0.009878
0.010111
0.010548
0.010771
0.010054
0.010576
0.010142
0.010116
0.010081
0.009530
0.010422
0.010780
0.010154
0.010690
0.009909
0.010624
0.010519
0.010172
0.010002
0.010075
0.010039
0.010190
0.012190
0.010511
0.010550
0.010637
0.010860
0.010395
0.010752
0.011190
0.010327
0.010980
0.010676
0.010819
0.010881
0.010872
0.010918
0.011156
0.010929
0.010686
0.010414
0.010699
0.010766
0.010993
0.010806
0.010248
0.010498
0.011030
0.010549
0.010810
0.010289
0.010794
Selection Sort
0.000016
0.000049
0.000105
0.000182
0.000278
0.000394
0.000535
0.000689
0.000871
0.001068
0.001287
0.001526
0.001788
0.002094
0.002371
0.002690
0.003033
0.003398
0.003774
0.004182
0.004602
0.005048
0.005515
0.005997
0.006514
0.007051
0.007577
0.008158
0.008751
0.009388
0.009968
0.010648
0.011286
0.012029
0.012708
0.013527
0.014184
0.014947
0.015732
0.016562
0.017392
0.018262
0.019183
0.020063
0.020981
0.021988
0.022918
0.023913
0.025016
0.025912
0.026928
0.028017
0.029078
0.030070
0.031255
0.032393
0.033527
0.034727
0.035861
0.037258
0.038429
0.039654
0.040923
0.042478
0.043717
0.045073
0.046407
0.047869
0.049082
0.050580
0.051982
0.053460
0.054955
0.056486
0.057911
0.059430
0.061195
0.063109
0.064427
0.066201
0.067579
0.069252
0.070883
0.072638
0.074328
0.076332
0.078375
0.079948
0.081590
0.083438
0.085407
0.087367
0.089239
0.091744
0.093268
0.095220
0.097287
0.099032
0.100984
0.102888
0.104861
0.107150
0.109073
0.111264
0.113451
0.115742
0.117651
0.120060
0.122141
0.124685
0.126881
0.129069
0.131541
0.133954
0.135959
0.138277
0.140723
0.143134
0.146210
0.148372
0.150976
0.153609
0.155881
0.158761
0.160673
0.163910
0.165990
0.168391
0.171737
0.173830
0.176450
0.179694
0.181810
0.185381
0.187904
0.193174
0.193339
0.195966
0.198702
0.201722
0.204394
0.207201
0.210398
0.214037
0.227738
0.249001
0.223067
0.226143
0.232038
0.232059
0.234450
0.239699
0.241571
0.243781
0.247856
0.250450
0.253230
0.257821
0.259992
0.267616
0.268538
0.271074
0.273818
0.276813
0.280936
0.284786
0.288056
0.290611
0.294105
0.297461
0.301408
0.304616
0.308026
0.310962
0.314641
0.318306
0.321846
0.325876
0.329661
0.332660
0.336504
0.340352
0.344090
0.347661
0.351495
0.355405
0.359441
0.363007
0.366925
0.370919
0.374765
0.378506
0.382522
0.386983
0.390261
0.394634
0.398343
0.402580
0.406617
0.410960
0.415095
0.419024
0.422912
0.427236
0.432110
0.435866
0.440952
0.444467
0.448480
0.453022
0.457170
0.461690
0.466159
0.470466
0.474558
0.479037
0.486870
0.488200
0.492449
0.497423
0.501628
0.506106
0.510563
0.515167
0.519926
0.524098
0.529121
0.534535
0.538249
0.543337
0.548107
0.552580
0.557266
0.562019
0.567009
0.571824
0.577028
0.581508
0.586482
0.591158
0.596078
0.601263
0.606489
0.611136
0.616660
0.621106
0.626439
0.631556
0.636449
0.641484
0.647568
0.651867
0.656888
0.662460
0.667297
0.673071
0.677800
0.682910
0.688954
0.694141
0.699111
0.704459
0.710037
0.715242
0.720606
0.726507
0.732004
0.737196
0.743141
0.754770
0.756857
0.760985
0.767561
0.772686
0.777137
0.782721
0.791685
0.796127
0.801284
0.805971
0.813595
0.838042
0.824253
0.831366
0.835805
0.841570
0.846763
0.851350
0.858997
0.870863
0.871489
0.876139
0.882639
0.887661
0.896188
0.901296
0.906026
0.912800
0.918768
0.924355
0.929991
0.937169
0.942891
0.948138
0.955390
0.973434
0.971732
0.973289
0.981782
0.988109
0.997242
1.001188
1.014054
1.012581
1.018199
1.024865
1.031192
1.037354
1.044363
1.050976
1.058626
1.066002
1.074927
1.077602
1.085280
1.094223
1.098654
1.107918
1.116340
1.121943
1.126515
1.134052
1.142506
1.158410
1.153981
1.161393
1.166572
1.175629
1.184722
1.197998
1.201718
1.206299
1.209333
1.220075
1.225449
1.248889
1.241122
1.253021
1.255174
1.261863
1.264569
1.408506
1.282221
1.323846
1.309192
1.307402
1.312408
1.320112
1.326047
1.336357
1.343085
1.351247
1.357142
1.363586
1.372093
1.381185
1.381574
1.394723
1.402850
1.406474
1.413318
1.419979
1.452473
1.447062
1.450492
1.456159
1.461299
1.469008
1.478634
1.484385
1.493202
1.499920
1.506791
1.514323
1.520609
1.532117
1.546467
1.550178
1.565388
1.564734
1.570988
1.577230
1.584794
1.592994
1.600941
1.615426
1.629402
1.632284
1.637690
1.651277
1.681926
1.665050
1.672573
1.680270
1.682954
1.697221
1.708549
1.712356
1.721631
1.724328
1.733037
1.741103
1.749976
1.758356
1.779632
1.775862
1.783061
1.791276
1.800083
1.808289
1.817685
1.825539
1.833820
1.843447
1.851834
1.862797
1.868657
1.878306
1.886788
1.895409
1.904203
1.913637
1.922257
1.932289
1.942297
1.949720
1.970476
1.967274
1.973318
1.985257
1.993570
2.053472
2.011929
2.021205
2.029867
2.041167
2.048793
2.058406
2.066879
2.078812
2.087676
2.094255
2.103640
2.112936
2.122296
2.131343
2.140485
2.150508
2.205437
2.170298
2.179182
2.188305
2.198992
2.209428
2.216737
2.226800
2.235462
2.244973
2.257614
2.264668
2.274589
2.284294
2.308056
2.326351
2.320255
2.331300
2.337671
2.347794
2.356611
2.369309
2.387194
2.391917
2.393094
2.402705
2.452979
2.430984
2.443184
2.443046
2.453911
2.462864
2.495579
2.501705
2.511008
2.509466
2.520053
2.530474
2.535094
2.547680
2.557857
2.574602
2.576898
2.610006
2.602574
2.607690
2.620073
2.629021
2.638712
2.647802
2.659800
2.680502
2.688087
2.691824
2.700219
2.711093
2.721803
2.742086
2.756459
2.850419
2.764504
2.781148
2.796657
2.795508
2.806431
2.817275
2.829040
2.847974
2.849486
2.860583
2.871656
2.881234
2.894650
2.913645
2.921376
2.937778
2.938170
2.955335
2.959164
2.970278
2.983848
2.994990
3.003489
3.015117
3.025567
3.036423
3.047484
3.058677
3.070050
3.085614
3.091824
3.103365
3.114716
3.143244
3.175399
3.327077
3.174400
3.198371
3.196304
3.203048
3.208147
3.217583
3.236532
3.241629
3.254121
3.263809
3.275490
3.287339
3.298109
3.310203
3.321778
3.333476
3.347693
3.359158
3.369889
3.379426
3.396157
3.408152
3.417804
3.428386
3.445740
3.466688
3.509378
3.488869
3.497130
3.505756
3.511503
3.523547
3.571056
3.554807
3.571053
3.574224
3.583792
3.596409
3.616801
3.627504
3.639554
3.647173
3.656605
3.677186
3.681375
3.712082
3.707391
3.718537
3.730959
3.742859
3.756203
3.778455
3.799027
3.797196
3.813223
3.822854
3.831558
3.843240
3.854921
3.874037
3.880438
3.893415
3.905858
3.941105
3.931602
3.944460
3.956595
3.969153
3.982738
4.000303
4.020407
4.025928
4.033861
4.045643
4.059151
4.072328
4.085084
4.097606
4.110639
4.123384
4.137796
4.150727
4.160063
4.174067
4.189979
4.237338
4.216301
4.229050
4.242675
4.260422
4.282147
4.290823
4.305202
4.314482
4.343594
4.359726
4.379633
4.374111
4.446664
4.404692
4.449689
4.411714
4.423259
4.436447
4.451356
4.463837
4.478032
4.491191
4.503678
4.518102
4.532122
4.545680
4.558425
4.572363
4.590453
4.625235
4.613193
4.633849
4.640257
4.654699
4.669147
4.682373
4.696922
4.710685
4.723979
4.737921
4.751909
4.765899
4.779837
4.794192
4.806999
4.821446
4.835830
4.852903
4.863198
4.878958
4.892627
4.909821
4.919775
4.934750
4.948388
4.963072
4.977751
4.992102
5.007023
5.020918
5.035005
5.049944
5.066685
5.077436
5.092887
5.107103
5.121458
5.135834
5.163454
5.164387
5.181391
5.194231
5.207828
5.223035
5.238989
5.252194
5.275459
5.491195
5.293110
5.601887
5.357907
5.346891
5.357569
5.372223
5.394249
5.409894
5.422439
5.435270
5.445567
5.454815
5.469564
5.484491
5.499168
5.514465
5.529183
5.544397
5.559681
5.574452
5.591199
5.604555
5.620297
5.635308
5.650595
5.831928
5.869261
6.254783
5.748565
5.748752
5.760733
5.764597
5.833259
5.809268
5.820442
5.980274
6.669181
6.336943
5.898623
5.917038
5.954651
5.933182
5.987358
5.966387
6.026529
5.995090
6.036653
6.027904
6.044757
6.057095
6.096369
6.087968
6.151803
6.121480
6.142213
6.160353
6.163727
6.187544
6.200689
6.215999
6.308529
6.271756
6.275408
6.304179
6.300174
6.321165
6.334268
6.344090
6.361870
6.379038
6.444892
6.427601
6.433908
6.478300
6.470826
6.473572
6.494741
6.507223
6.538405
6.546269
6.561498
6.702668
6.946744
6.634294
6.624591
6.662034
6.674199
6.691397
6.676568
6.712801
7.033646
6.810435
6.801820
6.824493
6.948394
6.832422
6.957142
7.304794
6.890434
7.085299
6.921894
6.922691
6.922193
6.940449
6.956871
6.973178
6.998852
7.038224
7.026448
7.046659
7.063875
7.073621
7.091334
7.123242
7.128926
7.172347
7.185930
7.182724
7.226931
7.213971
7.229208
7.269451
7.261230
7.301406
7.405547
7.328673
7.337241
7.348722
7.372560
7.387467
7.412248
7.423483
7.440848
7.456368
7.479905
7.489881
7.524373
7.542405
7.544348
7.588546
7.588473
7.597847
7.643576
7.784869
7.689517
7.751104
7.710022
7.745471
7.755996
7.770468
7.797029
7.990915
8.022545
7.909323
7.849440
7.853888
7.875322
7.889137
7.912596
7.945051
7.962935
7.956215
8.184593
8.027350
8.078312
8.099067
8.062151
8.067043
8.102965
8.097828
8.138546
8.161791
8.150600
8.175982
8.314811
8.423214
8.360286
8.281372
8.307639
8.327974
8.337194
8.346924
8.364104
8.356095
8.379092
8.405593
8.448377
8.428883
8.633713
8.513580
8.557119
8.562515
8.563483
8.548476
8.590053
8.629634
8.621207
8.614196
8.634542
8.813619
8.882628
8.716764
8.733361
8.738470
8.812716
8.820272
8.804227
8.852238
8.856121
8.870655
8.877953
8.889259
8.883933
8.906001
8.920918
8.939998
8.956483
9.001540
9.005009
9.014817
9.251167
9.088198
9.117886
9.114982
9.182576
9.158517
9.538609
9.263041
9.428624
9.259727
9.287592
9.306069
9.296230
9.312226
9.392648
9.487350
9.393810
9.588408
9.653035
9.858967
9.451999
9.466248
9.641102
9.615420
9.551237
9.542767
9.786127
9.577630
9.592702
9.781495
9.682274
9.744375
9.831057
9.719238
9.791871
9.766717
9.786216
9.804229
9.850116
9.830715
9.883285
9.858947
9.890425
9.972199
10.118314
10.245680
9.975966
10.139868
10.006393
10.041436
10.080907
10.087086
10.100423
10.131162
10.180693
10.293045
10.170731
10.237298
10.205007
10.243823
10.274758
